output/threads/1:0.038654s
output/threads/10:0.037881s
output/threads/11:0.037190s
output/threads/12:0.038316s
output/threads/13:0.037461s
output/threads/14:0.037975s
output/threads/15:0.037403s
output/threads/16:0.038305s
output/threads/2:0.036878s
output/threads/3:0.036948s
output/threads/4:0.037944s
output/threads/5:0.036952s
output/threads/6:0.038003s
output/threads/7:0.036929s
output/threads/8:0.038239s
output/threads/9:0.036812s
