output/threads/1:0.037683s
output/threads/2:0.037078s
output/threads/3:0.037097s
output/threads/4:0.036080s
output/threads/5:0.034734s
output/threads/6:0.034653s
output/threads/7:0.034489s
output/threads/8:0.034949s
