output/threads/1:0.035737s
output/threads/10:0.035087s
output/threads/11:0.035192s
output/threads/2:0.035557s
output/threads/3:0.038109s
output/threads/4:0.034738s
output/threads/5:0.037558s
output/threads/6:0.033741s
output/threads/7:0.036157s
output/threads/8:0.034675s
output/threads/9:0.035634s
