output/threads/1:0.038891s
output/threads/2:0.039310s
output/threads/3:0.038882s
