output/threads/1:0.035293s
output/threads/2:0.037840s
