output/threads/1:0.037714s
output/threads/2:0.037688s
output/threads/3:0.038078s
output/threads/4:0.037815s
