output/threads/1:0.033822s
output/threads/10:0.033648s
output/threads/11:0.034342s
output/threads/12:0.034082s
output/threads/13:0.033747s
output/threads/14:0.034060s
output/threads/15:0.033670s
output/threads/16:0.034436s
output/threads/17:0.034283s
output/threads/18:0.034161s
output/threads/19:0.034755s
output/threads/2:0.034169s
output/threads/20:0.034023s
output/threads/21:0.034121s
output/threads/22:0.033993s
output/threads/23:0.034009s
output/threads/24:0.033687s
output/threads/25:0.034555s
output/threads/26:0.034021s
output/threads/27:0.034039s
output/threads/28:0.033752s
output/threads/29:0.033971s
output/threads/3:0.034018s
output/threads/30:0.033830s
output/threads/31:0.033597s
output/threads/32:0.033454s
output/threads/4:0.033951s
output/threads/5:0.033982s
output/threads/6:0.033934s
output/threads/7:0.033757s
output/threads/8:0.033522s
output/threads/9:0.034110s
