output/threads/1:0.035004s
output/threads/10:0.036017s
output/threads/11:0.035209s
output/threads/12:0.034497s
output/threads/13:0.035050s
output/threads/14:0.034708s
output/threads/15:0.036035s
output/threads/16:0.036053s
output/threads/17:0.035776s
output/threads/18:0.035679s
output/threads/19:0.035664s
output/threads/2:0.035084s
output/threads/20:0.035292s
output/threads/21:0.036088s
output/threads/22:0.035213s
output/threads/23:0.036154s
output/threads/24:0.035474s
output/threads/25:0.035050s
output/threads/26:0.035585s
output/threads/27:0.035556s
output/threads/28:0.035065s
output/threads/29:0.035615s
output/threads/3:0.035094s
output/threads/30:0.034964s
output/threads/31:0.035258s
output/threads/32:0.034976s
output/threads/4:0.035342s
output/threads/5:0.034758s
output/threads/6:0.034837s
output/threads/7:0.036472s
output/threads/8:0.035486s
output/threads/9:0.034253s
