output/threads/1:0.035384s
output/threads/10:0.034992s
output/threads/11:0.035668s
output/threads/2:0.034773s
output/threads/3:0.034977s
output/threads/4:0.034682s
output/threads/5:0.034861s
output/threads/6:0.034467s
output/threads/7:0.035360s
output/threads/8:0.035076s
output/threads/9:0.034340s
