output/threads/1:0.038104s
output/threads/2:0.035078s
output/threads/3:0.036485s
output/threads/4:0.035023s
output/threads/5:0.035831s
output/threads/6:0.034813s
output/threads/7:0.034983s
output/threads/8:0.035893s
