output/threads/1:0.035470s
output/threads/2:0.037348s
output/threads/3:0.035960s
output/threads/4:0.037732s
