output/threads/1:0.037044s
output/threads/10:0.037505s
output/threads/11:0.036870s
output/threads/12:0.036703s
output/threads/13:0.037053s
output/threads/14:0.036742s
output/threads/15:0.037384s
output/threads/16:0.036781s
output/threads/2:0.036761s
output/threads/3:0.036767s
output/threads/4:0.037245s
output/threads/5:0.036636s
output/threads/6:0.037020s
output/threads/7:0.037513s
output/threads/8:0.036809s
output/threads/9:0.036907s
