output/threads/1:0.036911s
output/threads/2:0.036026s
output/threads/3:0.038891s
