output/threads/1:0.035752s
output/threads/2:0.036117s
