output/threads/1:0.035105s
output/threads/10:0.034461s
output/threads/11:0.034985s
output/threads/2:0.034468s
output/threads/3:0.034921s
output/threads/4:0.035218s
output/threads/5:0.034870s
output/threads/6:0.034747s
output/threads/7:0.034666s
output/threads/8:0.034641s
output/threads/9:0.034997s
