output/threads/1:0.036184s
output/threads/10:0.036675s
output/threads/11:0.036833s
output/threads/12:0.035958s
output/threads/13:0.036944s
output/threads/14:0.036424s
output/threads/15:0.037175s
output/threads/16:0.036087s
output/threads/17:0.036254s
output/threads/18:0.035962s
output/threads/19:0.036464s
output/threads/2:0.036535s
output/threads/20:0.036401s
output/threads/21:0.036884s
output/threads/22:0.036655s
output/threads/23:0.037005s
output/threads/24:0.036913s
output/threads/25:0.036608s
output/threads/26:0.036553s
output/threads/27:0.036892s
output/threads/28:0.036402s
output/threads/29:0.036780s
output/threads/3:0.036951s
output/threads/30:0.036818s
output/threads/31:0.036839s
output/threads/32:0.036100s
output/threads/4:0.036689s
output/threads/5:0.037242s
output/threads/6:0.036399s
output/threads/7:0.037235s
output/threads/8:0.036321s
output/threads/9:0.036653s
