output/threads/1:0.035075s
output/threads/2:0.038010s
output/threads/3:0.034918s
output/threads/4:0.035360s
