output/threads/1:0.037001s
output/threads/2:0.039081s
output/threads/3:0.037486s
output/threads/4:0.036486s
output/threads/5:0.037282s
output/threads/6:0.036959s
output/threads/7:0.037453s
output/threads/8:0.036851s
