output/threads/1:0.036542s
output/threads/2:0.036374s
