output/threads/1:0.036433s
output/threads/10:0.036496s
output/threads/11:0.036016s
output/threads/12:0.035836s
output/threads/13:0.037420s
output/threads/14:0.035996s
output/threads/15:0.036967s
output/threads/16:0.036441s
output/threads/2:0.036018s
output/threads/3:0.035838s
output/threads/4:0.036568s
output/threads/5:0.036340s
output/threads/6:0.035653s
output/threads/7:0.037654s
output/threads/8:0.035785s
output/threads/9:0.036571s
