output/threads/1:0.038762s
output/threads/2:0.038422s
output/threads/3:0.037655s
