output/threads/1:0.036406s
output/threads/10:0.036702s
output/threads/11:0.037075s
output/threads/2:0.035728s
output/threads/3:0.035881s
output/threads/4:0.036673s
output/threads/5:0.038689s
output/threads/6:0.036384s
output/threads/7:0.037144s
output/threads/8:0.036791s
output/threads/9:0.037120s
