output/threads/1:0.038543s
output/threads/2:0.039274s
output/threads/3:0.038396s
