output/threads/1:0.037343s
output/threads/2:0.038567s
output/threads/3:0.037409s
output/threads/4:0.038595s
output/threads/5:0.037556s
output/threads/6:0.037967s
output/threads/7:0.037595s
output/threads/8:0.037937s
