output/threads/1:0.036097s
output/threads/10:0.035250s
output/threads/11:0.036695s
output/threads/12:0.035237s
output/threads/13:0.036186s
output/threads/14:0.035582s
output/threads/15:0.035964s
output/threads/16:0.035154s
output/threads/2:0.038193s
output/threads/3:0.036060s
output/threads/4:0.037892s
output/threads/5:0.035043s
output/threads/6:0.036152s
output/threads/7:0.035358s
output/threads/8:0.035244s
output/threads/9:0.036275s
