output/threads/1:0.035837s
output/threads/2:0.036739s
output/threads/3:0.035527s
output/threads/4:0.037367s
