output/threads/1:0.037316s
output/threads/2:0.038105s
