output/threads/1:0.036119s
output/threads/10:0.034906s
output/threads/11:0.036130s
output/threads/12:0.035674s
output/threads/13:0.035241s
output/threads/14:0.035355s
output/threads/15:0.035748s
output/threads/16:0.035249s
output/threads/17:0.035939s
output/threads/18:0.035725s
output/threads/19:0.035405s
output/threads/2:0.035335s
output/threads/20:0.035725s
output/threads/21:0.035984s
output/threads/22:0.035105s
output/threads/23:0.035689s
output/threads/24:0.035391s
output/threads/25:0.035670s
output/threads/26:0.035281s
output/threads/27:0.034765s
output/threads/28:0.035250s
output/threads/29:0.035501s
output/threads/3:0.035574s
output/threads/30:0.035188s
output/threads/31:0.036098s
output/threads/32:0.035466s
output/threads/4:0.034759s
output/threads/5:0.035715s
output/threads/6:0.034682s
output/threads/7:0.036137s
output/threads/8:0.035299s
output/threads/9:0.035877s
