output/threads/1:0.035927s
output/threads/10:0.035282s
output/threads/11:0.036064s
output/threads/12:0.034957s
output/threads/13:0.035340s
output/threads/14:0.035780s
output/threads/15:0.035773s
output/threads/16:0.036119s
output/threads/2:0.035470s
output/threads/3:0.036076s
output/threads/4:0.035261s
output/threads/5:0.035586s
output/threads/6:0.035475s
output/threads/7:0.036082s
output/threads/8:0.035752s
output/threads/9:0.035895s
