output/threads/1:0.037916s
output/threads/2:0.034592s
