output/threads/1:0.034343s
output/threads/2:0.036892s
output/threads/3:0.035309s
output/threads/4:0.034524s
