output/threads/1:0.034739s
output/threads/2:0.035291s
output/threads/3:0.037653s
output/threads/4:0.035282s
output/threads/5:0.037293s
output/threads/6:0.035060s
output/threads/7:0.037496s
output/threads/8:0.034909s
