output/threads/1:0.038705s
output/threads/10:0.035147s
output/threads/11:0.035327s
output/threads/12:0.035581s
output/threads/13:0.035740s
output/threads/14:0.035661s
output/threads/15:0.035593s
output/threads/16:0.035887s
output/threads/17:0.035134s
output/threads/18:0.035386s
output/threads/19:0.034890s
output/threads/2:0.035092s
output/threads/20:0.035079s
output/threads/21:0.035076s
output/threads/22:0.035195s
output/threads/23:0.035811s
output/threads/24:0.035610s
output/threads/25:0.035328s
output/threads/26:0.035661s
output/threads/27:0.035044s
output/threads/28:0.035828s
output/threads/29:0.035421s
output/threads/3:0.035479s
output/threads/30:0.035695s
output/threads/31:0.035470s
output/threads/32:0.036124s
output/threads/4:0.035128s
output/threads/5:0.036459s
output/threads/6:0.035168s
output/threads/7:0.036427s
output/threads/8:0.035086s
output/threads/9:0.036079s
