output/threads/1:0.037855s
output/threads/2:0.038698s
output/threads/3:0.038000s
