output/threads/1:0.035433s
output/threads/10:0.034635s
output/threads/11:0.035018s
output/threads/2:0.037352s
output/threads/3:0.036859s
output/threads/4:0.035012s
output/threads/5:0.034456s
output/threads/6:0.034625s
output/threads/7:0.035124s
output/threads/8:0.034906s
output/threads/9:0.034737s
