output/threads/1:0.038956s
output/threads/10:0.035640s
output/threads/11:0.036356s
output/threads/2:0.035816s
output/threads/3:0.035074s
output/threads/4:0.035307s
output/threads/5:0.035832s
output/threads/6:0.035547s
output/threads/7:0.035574s
output/threads/8:0.035092s
output/threads/9:0.035922s
