output/threads/1:0.035499s
output/threads/10:0.034544s
output/threads/11:0.035823s
output/threads/12:0.035143s
output/threads/13:0.036282s
output/threads/14:0.034598s
output/threads/15:0.036312s
output/threads/16:0.034459s
output/threads/17:0.035749s
output/threads/18:0.034936s
output/threads/19:0.035430s
output/threads/2:0.034474s
output/threads/20:0.035171s
output/threads/21:0.035909s
output/threads/22:0.035299s
output/threads/23:0.036067s
output/threads/24:0.034689s
output/threads/25:0.035448s
output/threads/26:0.035217s
output/threads/27:0.035214s
output/threads/28:0.034833s
output/threads/29:0.035974s
output/threads/3:0.035118s
output/threads/30:0.035105s
output/threads/31:0.036112s
output/threads/32:0.034577s
output/threads/4:0.034155s
output/threads/5:0.035200s
output/threads/6:0.034778s
output/threads/7:0.035425s
output/threads/8:0.035035s
output/threads/9:0.035568s
