output/threads/1:0.036489s
output/threads/10:0.036461s
output/threads/11:0.037256s
output/threads/12:0.036864s
output/threads/13:0.037322s
output/threads/14:0.036569s
output/threads/15:0.037203s
output/threads/16:0.036632s
output/threads/2:0.037346s
output/threads/3:0.036721s
output/threads/4:0.036877s
output/threads/5:0.037324s
output/threads/6:0.036984s
output/threads/7:0.037724s
output/threads/8:0.037212s
output/threads/9:0.037105s
