output/threads/1:0.037501s
output/threads/2:0.037912s
