output/threads/1:0.037012s
output/threads/2:0.034573s
output/threads/3:0.037827s
output/threads/4:0.034665s
