output/threads/1:0.036842s
output/threads/2:0.037582s
output/threads/3:0.036638s
output/threads/4:0.037040s
output/threads/5:0.037294s
output/threads/6:0.036720s
output/threads/7:0.037210s
output/threads/8:0.037309s
