output/threads/1:0.036436s
output/threads/2:0.037613s
output/threads/3:0.037178s
