output/threads/1:0.038460s
output/threads/2:0.035720s
output/threads/3:0.038952s
output/threads/4:0.035747s
