output/threads/1:0.036295s
output/threads/10:0.034378s
output/threads/11:0.037974s
output/threads/12:0.034846s
output/threads/13:0.038123s
output/threads/14:0.034832s
output/threads/15:0.038091s
output/threads/16:0.034960s
output/threads/17:0.037893s
output/threads/18:0.035297s
output/threads/19:0.037821s
output/threads/2:0.033849s
output/threads/20:0.037773s
output/threads/21:0.034936s
output/threads/22:0.037870s
output/threads/23:0.034910s
output/threads/24:0.037681s
output/threads/25:0.034939s
output/threads/26:0.037835s
output/threads/27:0.034875s
output/threads/28:0.037589s
output/threads/29:0.034997s
output/threads/3:0.037809s
output/threads/30:0.037784s
output/threads/31:0.035066s
output/threads/32:0.037820s
output/threads/4:0.036744s
output/threads/5:0.034866s
output/threads/6:0.037945s
output/threads/7:0.037748s
output/threads/8:0.034757s
output/threads/9:0.038125s
