output/threads/1:0.037061s
output/threads/10:0.036127s
output/threads/11:0.035758s
output/threads/12:0.035520s
output/threads/13:0.035521s
output/threads/14:0.036211s
output/threads/15:0.035359s
output/threads/16:0.036066s
output/threads/2:0.036048s
output/threads/3:0.035846s
output/threads/4:0.035418s
output/threads/5:0.035747s
output/threads/6:0.035742s
output/threads/7:0.035466s
output/threads/8:0.036491s
output/threads/9:0.036044s
