output/threads/1:0.037330s
output/threads/2:0.037880s
