output/threads/1:0.036957s
output/threads/10:0.036890s
output/threads/11:0.038173s
output/threads/2:0.036706s
output/threads/3:0.037038s
output/threads/4:0.036770s
output/threads/5:0.037360s
output/threads/6:0.037192s
output/threads/7:0.037381s
output/threads/8:0.037132s
output/threads/9:0.037346s
