output/threads/1:0.038638s
output/threads/2:0.037483s
output/threads/3:0.035207s
