output/threads/1:0.036766s
output/threads/2:0.037148s
output/threads/3:0.037462s
output/threads/4:0.036504s
output/threads/5:0.036929s
output/threads/6:0.037022s
output/threads/7:0.037660s
output/threads/8:0.036896s
