output/threads/1:0.038288s
output/threads/10:0.036868s
output/threads/11:0.038146s
output/threads/12:0.038637s
output/threads/13:0.039056s
output/threads/14:0.038557s
output/threads/15:0.038823s
output/threads/16:0.038636s
output/threads/17:0.035819s
output/threads/18:0.038363s
output/threads/19:0.038357s
output/threads/2:0.036557s
output/threads/20:0.038606s
output/threads/21:0.038322s
output/threads/22:0.038484s
output/threads/23:0.038249s
output/threads/24:0.038485s
output/threads/25:0.038728s
output/threads/26:0.039070s
output/threads/27:0.038480s
output/threads/28:0.039080s
output/threads/29:0.038730s
output/threads/3:0.038352s
output/threads/30:0.038254s
output/threads/31:0.038446s
output/threads/32:0.038573s
output/threads/4:0.038901s
output/threads/5:0.038710s
output/threads/6:0.036450s
output/threads/7:0.038475s
output/threads/8:0.036088s
output/threads/9:0.038275s
