output/threads/1:0.038390s
output/threads/2:0.035606s
output/threads/3:0.035164s
