output/threads/1:0.037345s
output/threads/2:0.038108s
output/threads/3:0.038372s
output/threads/4:0.039238s
