output/threads/1:0.034845s
output/threads/10:0.034630s
output/threads/11:0.035086s
output/threads/12:0.035356s
output/threads/13:0.035259s
output/threads/14:0.035028s
output/threads/15:0.036079s
output/threads/16:0.034961s
output/threads/2:0.034956s
output/threads/3:0.035492s
output/threads/4:0.034998s
output/threads/5:0.035163s
output/threads/6:0.035193s
output/threads/7:0.035697s
output/threads/8:0.035624s
output/threads/9:0.035525s
