output/threads/1:0.035950s
output/threads/10:0.037634s
output/threads/11:0.035228s
output/threads/2:0.038121s
output/threads/3:0.036124s
output/threads/4:0.037627s
output/threads/5:0.034834s
output/threads/6:0.038025s
output/threads/7:0.035428s
output/threads/8:0.037613s
output/threads/9:0.035174s
