output/threads/1:0.037705s
output/threads/2:0.034857s
