output/threads/1:0.036401s
output/threads/2:0.036598s
output/threads/3:0.037521s
output/threads/4:0.037283s
output/threads/5:0.037591s
output/threads/6:0.036933s
output/threads/7:0.037933s
output/threads/8:0.037275s
