output/threads/1:0.039254s
output/threads/2:0.036758s
output/threads/3:0.036358s
output/threads/4:0.036860s
output/threads/5:0.036733s
output/threads/6:0.036421s
output/threads/7:0.036529s
output/threads/8:0.036761s
