output/threads/1:0.040079s
output/threads/10:0.037969s
output/threads/11:0.035581s
output/threads/12:0.037589s
output/threads/13:0.035236s
output/threads/14:0.037361s
output/threads/15:0.035935s
output/threads/16:0.037354s
output/threads/17:0.035853s
output/threads/18:0.037382s
output/threads/19:0.035177s
output/threads/2:0.037523s
output/threads/20:0.037376s
output/threads/21:0.035440s
output/threads/22:0.037273s
output/threads/23:0.036178s
output/threads/24:0.037429s
output/threads/25:0.035467s
output/threads/26:0.037609s
output/threads/27:0.035309s
output/threads/28:0.037607s
output/threads/29:0.035439s
output/threads/3:0.035828s
output/threads/30:0.037751s
output/threads/31:0.034584s
output/threads/32:0.037684s
output/threads/4:0.036351s
output/threads/5:0.035399s
output/threads/6:0.035434s
output/threads/7:0.038670s
output/threads/8:0.035446s
output/threads/9:0.038861s
