output/threads/1:0.039094s
output/threads/2:0.038493s
