output/threads/1:0.036743s
output/threads/10:0.034570s
output/threads/11:0.035441s
output/threads/12:0.034227s
output/threads/13:0.035572s
output/threads/14:0.034974s
output/threads/15:0.036145s
output/threads/16:0.035048s
output/threads/2:0.035220s
output/threads/3:0.036562s
output/threads/4:0.035392s
output/threads/5:0.035939s
output/threads/6:0.035299s
output/threads/7:0.035757s
output/threads/8:0.035094s
output/threads/9:0.035877s
