output/threads/1:0.035751s
output/threads/2:0.037756s
output/threads/3:0.035559s
