output/threads/1:0.037444s
output/threads/2:0.035733s
output/threads/3:0.037465s
output/threads/4:0.035156s
