output/threads/1:0.036272s
output/threads/10:0.036039s
output/threads/11:0.036649s
output/threads/2:0.035796s
output/threads/3:0.035975s
output/threads/4:0.035772s
output/threads/5:0.036472s
output/threads/6:0.035942s
output/threads/7:0.036835s
output/threads/8:0.035962s
output/threads/9:0.036588s
