output/threads/1:0.035679s
output/threads/2:0.034522s
output/threads/3:0.035776s
output/threads/4:0.035297s
output/threads/5:0.034347s
output/threads/6:0.038377s
output/threads/7:0.035214s
output/threads/8:0.035165s
