output/threads/1:0.037998s
output/threads/2:0.038839s
output/threads/3:0.038649s
output/threads/4:0.039288s
