output/threads/1:0.034998s
output/threads/2:0.037881s
