output/threads/1:0.038040s
output/threads/10:0.038437s
output/threads/11:0.039496s
output/threads/2:0.038017s
output/threads/3:0.037775s
output/threads/4:0.038768s
output/threads/5:0.038423s
output/threads/6:0.039929s
output/threads/7:0.038013s
output/threads/8:0.037440s
output/threads/9:0.038196s
