output/threads/1:0.035900s
output/threads/2:0.037494s
output/threads/3:0.035083s
