output/threads/1:0.035175s
output/threads/10:0.037709s
output/threads/11:0.036202s
output/threads/12:0.037268s
output/threads/13:0.034062s
output/threads/14:0.037710s
output/threads/15:0.034769s
output/threads/16:0.037496s
output/threads/17:0.035127s
output/threads/18:0.037876s
output/threads/19:0.035579s
output/threads/2:0.033829s
output/threads/20:0.037315s
output/threads/21:0.034669s
output/threads/22:0.037739s
output/threads/23:0.034265s
output/threads/24:0.037679s
output/threads/25:0.034662s
output/threads/26:0.037572s
output/threads/27:0.035873s
output/threads/28:0.037382s
output/threads/29:0.034055s
output/threads/3:0.035117s
output/threads/30:0.037516s
output/threads/31:0.034274s
output/threads/32:0.037528s
output/threads/4:0.034150s
output/threads/5:0.034969s
output/threads/6:0.035029s
output/threads/7:0.034794s
output/threads/8:0.037289s
output/threads/9:0.034512s
