output/threads/1:0.035015s
output/threads/10:0.035087s
output/threads/11:0.035160s
output/threads/12:0.034456s
output/threads/13:0.035737s
output/threads/14:0.035274s
output/threads/15:0.035015s
output/threads/16:0.034840s
output/threads/2:0.034709s
output/threads/3:0.035610s
output/threads/4:0.034932s
output/threads/5:0.035395s
output/threads/6:0.036151s
output/threads/7:0.035364s
output/threads/8:0.034684s
output/threads/9:0.035442s
