output/processos/1552242:0.039077s
output/processos/1552243:0.038477s
output/processos/1552244:0.038832s
output/processos/1552245:0.038783s
output/processos/1552246:0.038699s
output/processos/1552247:0.038690s
output/processos/1552248:0.039287s
output/processos/1552249:0.039432s
output/processos/1552250:0.038729s
output/processos/1552251:0.038070s
output/processos/1552252:0.038928s
output/processos/1552253:0.038870s
output/processos/1552254:0.039450s
output/processos/1552255:0.038773s
output/processos/1552256:0.040400s
output/processos/1552257:0.039948s
