output/processos/1552855:0.036544s
output/processos/1552856:0.035130s
output/processos/1552857:0.036127s
