output/processos/1552097:0.036606s
output/processos/1552098:0.037265s
output/processos/1552099:0.037743s
output/processos/1552100:0.036553s
output/processos/1552101:0.037212s
output/processos/1552102:0.036878s
output/processos/1552103:0.036105s
output/processos/1552104:0.035541s
output/processos/1552105:0.036544s
output/processos/1552106:0.037342s
output/processos/1552107:0.039059s
