output/processos/1551987:0.038350s
output/processos/1551988:0.037914s
output/processos/1551989:0.037520s
output/processos/1551990:0.039813s
output/processos/1551991:0.036258s
output/processos/1551992:0.038825s
output/processos/1551993:0.038381s
output/processos/1551994:0.036504s
