output/processos/1552433:0.037229s
output/processos/1552434:0.036797s
output/processos/1552435:0.037058s
output/processos/1552436:0.037321s
output/processos/1552437:0.036973s
output/processos/1552438:0.036366s
output/processos/1552439:0.037727s
output/processos/1552440:0.035822s
output/processos/1552441:0.037073s
output/processos/1552442:0.037074s
output/processos/1552443:0.036992s
output/processos/1552444:0.036440s
output/processos/1552445:0.036693s
output/processos/1552446:0.036906s
output/processos/1552447:0.035973s
output/processos/1552448:0.036554s
output/processos/1552449:0.037434s
output/processos/1552450:0.035947s
output/processos/1552451:0.037762s
output/processos/1552452:0.036594s
output/processos/1552453:0.036586s
output/processos/1552454:0.036505s
output/processos/1552455:0.036734s
output/processos/1552456:0.036515s
output/processos/1552457:0.036485s
output/processos/1552458:0.037700s
output/processos/1552459:0.036696s
output/processos/1552460:0.036756s
output/processos/1552461:0.036532s
output/processos/1552462:0.036446s
output/processos/1552463:0.037600s
output/processos/1552464:0.036370s
