output/processos/1552784:0.037878s
output/processos/1552785:0.037743s
output/processos/1552786:0.039147s
output/processos/1552787:0.037151s
