output/processos/1552915:0.037948s
output/processos/1552916:0.037016s
