output/processos/1552920:0.039124s
output/processos/1552921:0.038597s
