output/processos/1552111:0.038123s
output/processos/1552112:0.038983s
output/processos/1552113:0.039530s
output/processos/1552114:0.038384s
output/processos/1552115:0.038766s
output/processos/1552116:0.038501s
output/processos/1552117:0.039053s
output/processos/1552118:0.038041s
output/processos/1552119:0.038918s
output/processos/1552120:0.037955s
output/processos/1552121:0.038484s
