output/processos/1552468:0.035918s
output/processos/1552469:0.035862s
output/processos/1552470:0.036146s
output/processos/1552471:0.037059s
output/processos/1552472:0.036187s
output/processos/1552473:0.035614s
output/processos/1552474:0.035295s
output/processos/1552475:0.036807s
output/processos/1552476:0.037173s
output/processos/1552477:0.035539s
output/processos/1552478:0.038074s
output/processos/1552479:0.037146s
output/processos/1552480:0.035310s
output/processos/1552481:0.036783s
output/processos/1552482:0.034920s
output/processos/1552483:0.036027s
output/processos/1552484:0.035278s
output/processos/1552485:0.036831s
output/processos/1552486:0.036748s
output/processos/1552487:0.037412s
output/processos/1552488:0.035187s
output/processos/1552489:0.037831s
output/processos/1552490:0.038072s
output/processos/1552491:0.038246s
output/processos/1552492:0.036204s
output/processos/1552493:0.038498s
output/processos/1552494:0.036919s
output/processos/1552495:0.038194s
output/processos/1552496:0.036350s
output/processos/1552497:0.035882s
output/processos/1552498:0.038810s
output/processos/1552499:0.037129s
