output/processos/1552861:0.036062s
output/processos/1552862:0.036191s
output/processos/1552863:0.036388s
