output/processos/1552261:0.038196s
output/processos/1552262:0.037218s
output/processos/1552263:0.036438s
output/processos/1552264:0.037860s
output/processos/1552265:0.038663s
output/processos/1552266:0.038332s
output/processos/1552267:0.036886s
output/processos/1552268:0.038489s
output/processos/1552269:0.035554s
output/processos/1552270:0.036075s
output/processos/1552271:0.036233s
output/processos/1552272:0.037044s
output/processos/1552273:0.036459s
output/processos/1552274:0.039183s
output/processos/1552275:0.035670s
output/processos/1552276:0.036311s
