output/processos/1552791:0.036475s
output/processos/1552792:0.034654s
output/processos/1552793:0.036205s
output/processos/1552794:0.036261s
