output/processos/1551998:0.035902s
output/processos/1551999:0.036375s
output/processos/1552000:0.036293s
output/processos/1552001:0.036461s
output/processos/1552002:0.036540s
output/processos/1552003:0.036342s
output/processos/1552004:0.035757s
output/processos/1552005:0.035755s
