output/processos/1552867:0.036998s
output/processos/1552868:0.036634s
output/processos/1552869:0.036547s
