output/processos/1552125:0.037376s
output/processos/1552126:0.035782s
output/processos/1552127:0.036011s
output/processos/1552128:0.035901s
output/processos/1552129:0.037168s
output/processos/1552130:0.035962s
output/processos/1552131:0.036990s
output/processos/1552132:0.038638s
output/processos/1552133:0.036973s
output/processos/1552134:0.037541s
output/processos/1552135:0.039259s
