output/processos/1552009:0.036137s
output/processos/1552010:0.035960s
output/processos/1552011:0.036930s
output/processos/1552012:0.036208s
output/processos/1552013:0.037698s
output/processos/1552014:0.036184s
output/processos/1552015:0.036938s
output/processos/1552016:0.038830s
