output/processos/1552503:0.037255s
output/processos/1552504:0.037037s
output/processos/1552505:0.037394s
output/processos/1552506:0.037395s
output/processos/1552507:0.036826s
output/processos/1552508:0.037181s
output/processos/1552509:0.037757s
output/processos/1552510:0.037247s
output/processos/1552511:0.037610s
output/processos/1552512:0.037029s
output/processos/1552513:0.037081s
output/processos/1552514:0.035964s
output/processos/1552515:0.036734s
output/processos/1552516:0.036167s
output/processos/1552517:0.037486s
output/processos/1552518:0.037844s
output/processos/1552519:0.037280s
output/processos/1552520:0.036632s
output/processos/1552521:0.036881s
output/processos/1552522:0.037240s
output/processos/1552523:0.036503s
output/processos/1552524:0.036452s
output/processos/1552525:0.036579s
output/processos/1552526:0.036460s
output/processos/1552527:0.037411s
output/processos/1552528:0.037036s
output/processos/1552529:0.036947s
output/processos/1552530:0.036729s
output/processos/1552531:0.036476s
output/processos/1552532:0.036539s
output/processos/1552533:0.038154s
output/processos/1552534:0.036513s
