output/processos/1552799:0.037645s
output/processos/1552800:0.036512s
output/processos/1552801:0.036258s
output/processos/1552802:0.037407s
