output/processos/1552925:0.036257s
output/processos/1552926:0.036670s
