output/processos/1552280:0.038447s
output/processos/1552281:0.036423s
output/processos/1552282:0.036947s
output/processos/1552283:0.037207s
output/processos/1552284:0.039181s
output/processos/1552285:0.037009s
output/processos/1552286:0.036897s
output/processos/1552287:0.037099s
output/processos/1552288:0.037543s
output/processos/1552289:0.035695s
output/processos/1552290:0.037612s
output/processos/1552291:0.035754s
output/processos/1552292:0.036834s
output/processos/1552293:0.037399s
output/processos/1552294:0.036614s
output/processos/1552295:0.038809s
