output/processos/1552873:0.036310s
output/processos/1552874:0.036330s
output/processos/1552875:0.036195s
