output/processos/1552806:0.036752s
output/processos/1552807:0.037213s
output/processos/1552808:0.037973s
output/processos/1552809:0.036610s
