output/processos/1552299:0.038053s
output/processos/1552300:0.035795s
output/processos/1552301:0.036024s
output/processos/1552302:0.036113s
output/processos/1552303:0.036356s
output/processos/1552304:0.037885s
output/processos/1552305:0.035159s
output/processos/1552306:0.035427s
output/processos/1552307:0.035523s
output/processos/1552308:0.035699s
output/processos/1552309:0.038400s
output/processos/1552310:0.034664s
output/processos/1552311:0.035590s
output/processos/1552312:0.036194s
output/processos/1552313:0.036274s
output/processos/1552314:0.036137s
