output/processos/1552930:0.040154s
output/processos/1552931:0.039865s
