output/processos/1552538:0.035886s
output/processos/1552539:0.036350s
output/processos/1552540:0.037289s
output/processos/1552541:0.036122s
output/processos/1552542:0.037007s
output/processos/1552543:0.036908s
output/processos/1552544:0.037048s
output/processos/1552545:0.036339s
output/processos/1552546:0.036348s
output/processos/1552547:0.036084s
output/processos/1552548:0.036318s
output/processos/1552549:0.035304s
output/processos/1552550:0.036369s
output/processos/1552551:0.035652s
output/processos/1552552:0.036002s
output/processos/1552553:0.035953s
output/processos/1552554:0.035803s
output/processos/1552555:0.036529s
output/processos/1552556:0.036032s
output/processos/1552557:0.035931s
output/processos/1552558:0.036017s
output/processos/1552559:0.038089s
output/processos/1552560:0.035705s
output/processos/1552561:0.036066s
output/processos/1552562:0.037707s
output/processos/1552563:0.036210s
output/processos/1552564:0.039708s
output/processos/1552565:0.038025s
output/processos/1552566:0.035500s
output/processos/1552567:0.039195s
output/processos/1552568:0.038906s
output/processos/1552569:0.038523s
