output/processos/1552020:0.038237s
output/processos/1552021:0.038063s
output/processos/1552022:0.038294s
output/processos/1552023:0.035534s
output/processos/1552024:0.035387s
output/processos/1552025:0.039226s
output/processos/1552026:0.035318s
output/processos/1552027:0.038723s
