output/processos/1552139:0.035658s
output/processos/1552140:0.036665s
output/processos/1552141:0.037102s
output/processos/1552142:0.038481s
output/processos/1552143:0.037427s
output/processos/1552144:0.035968s
output/processos/1552145:0.036254s
output/processos/1552146:0.036030s
output/processos/1552147:0.036882s
output/processos/1552148:0.036478s
output/processos/1552149:0.035989s
