output/processos/1552574:0.036269s
output/processos/1552575:0.034907s
output/processos/1552576:0.036151s
output/processos/1552577:0.034848s
output/processos/1552578:0.035415s
output/processos/1552579:0.036037s
output/processos/1552580:0.036230s
output/processos/1552581:0.035657s
output/processos/1552582:0.035952s
output/processos/1552583:0.035450s
output/processos/1552584:0.035490s
output/processos/1552585:0.035969s
output/processos/1552586:0.036476s
output/processos/1552587:0.034733s
output/processos/1552588:0.036867s
output/processos/1552589:0.035469s
output/processos/1552590:0.036705s
output/processos/1552591:0.035066s
output/processos/1552592:0.034871s
output/processos/1552593:0.036424s
output/processos/1552594:0.038540s
output/processos/1552595:0.035100s
output/processos/1552596:0.036548s
output/processos/1552597:0.035697s
output/processos/1552598:0.036510s
output/processos/1552599:0.035785s
output/processos/1552600:0.035821s
output/processos/1552601:0.034629s
output/processos/1552602:0.035518s
output/processos/1552603:0.037548s
output/processos/1552604:0.035281s
output/processos/1552605:0.036760s
