output/processos/1552813:0.036411s
output/processos/1552814:0.035723s
output/processos/1552815:0.036271s
output/processos/1552816:0.036794s
