output/processos/1552318:0.038267s
output/processos/1552319:0.036140s
output/processos/1552320:0.037505s
output/processos/1552321:0.038184s
output/processos/1552322:0.036497s
output/processos/1552323:0.036680s
output/processos/1552324:0.039314s
output/processos/1552325:0.036883s
output/processos/1552326:0.035420s
output/processos/1552327:0.037116s
output/processos/1552328:0.036475s
output/processos/1552329:0.036381s
output/processos/1552330:0.035867s
output/processos/1552331:0.036398s
output/processos/1552332:0.036825s
output/processos/1552333:0.039482s
