output/processos/1552879:0.035827s
output/processos/1552880:0.035848s
output/processos/1552881:0.037491s
