output/processos/1552935:0.036655s
output/processos/1552936:0.035892s
