output/processos/1552031:0.038836s
output/processos/1552032:0.038995s
output/processos/1552033:0.038285s
output/processos/1552034:0.039052s
output/processos/1552035:0.039820s
output/processos/1552036:0.038941s
output/processos/1552037:0.039039s
output/processos/1552038:0.039371s
