output/processos/1552153:0.035954s
output/processos/1552154:0.038192s
output/processos/1552155:0.036405s
output/processos/1552156:0.036711s
output/processos/1552157:0.038855s
output/processos/1552158:0.035057s
output/processos/1552159:0.036455s
output/processos/1552160:0.038114s
output/processos/1552161:0.035732s
output/processos/1552162:0.038532s
output/processos/1552163:0.038980s
