output/processos/1552042:0.036945s
output/processos/1552043:0.034631s
output/processos/1552044:0.036021s
output/processos/1552045:0.035259s
output/processos/1552046:0.035516s
output/processos/1552047:0.036956s
output/processos/1552048:0.036630s
output/processos/1552049:0.035656s
