output/processos/1552609:0.035235s
output/processos/1552610:0.033890s
output/processos/1552611:0.038663s
output/processos/1552612:0.034753s
output/processos/1552613:0.035371s
output/processos/1552614:0.037764s
output/processos/1552615:0.037795s
output/processos/1552616:0.038458s
output/processos/1552617:0.034361s
output/processos/1552618:0.037933s
output/processos/1552619:0.035917s
output/processos/1552620:0.034960s
output/processos/1552621:0.036149s
output/processos/1552622:0.035299s
output/processos/1552623:0.035961s
output/processos/1552624:0.035415s
output/processos/1552625:0.036659s
output/processos/1552626:0.034755s
output/processos/1552627:0.036080s
output/processos/1552628:0.034963s
output/processos/1552629:0.036282s
output/processos/1552630:0.036393s
output/processos/1552631:0.038488s
output/processos/1552632:0.035043s
output/processos/1552633:0.037777s
output/processos/1552634:0.035514s
output/processos/1552635:0.038124s
output/processos/1552636:0.034628s
output/processos/1552637:0.038288s
output/processos/1552638:0.035142s
output/processos/1552639:0.037986s
output/processos/1552640:0.038829s
