output/processos/1552167:0.038650s
output/processos/1552168:0.035485s
output/processos/1552169:0.038947s
output/processos/1552170:0.035616s
output/processos/1552171:0.038990s
output/processos/1552172:0.038858s
output/processos/1552173:0.036333s
output/processos/1552174:0.038400s
output/processos/1552175:0.036194s
output/processos/1552176:0.038603s
output/processos/1552177:0.035494s
