output/processos/1552820:0.036741s
output/processos/1552821:0.036387s
output/processos/1552822:0.037357s
output/processos/1552823:0.037316s
