output/processos/1552885:0.036463s
output/processos/1552886:0.038048s
output/processos/1552887:0.035702s
