output/processos/1552337:0.038250s
output/processos/1552338:0.036666s
output/processos/1552339:0.036167s
output/processos/1552340:0.038551s
output/processos/1552341:0.036892s
output/processos/1552342:0.036674s
output/processos/1552343:0.036812s
output/processos/1552344:0.036700s
output/processos/1552345:0.036725s
output/processos/1552346:0.036730s
output/processos/1552347:0.037013s
output/processos/1552348:0.037304s
output/processos/1552349:0.038574s
output/processos/1552350:0.037376s
output/processos/1552351:0.039080s
output/processos/1552352:0.037679s
