output/processos/1552940:0.036650s
output/processos/1552941:0.038211s
