output/processos/1552181:0.039249s
output/processos/1552182:0.038505s
output/processos/1552183:0.038254s
output/processos/1552184:0.038941s
output/processos/1552185:0.038821s
output/processos/1552186:0.038204s
output/processos/1552187:0.038622s
output/processos/1552188:0.039001s
output/processos/1552189:0.037908s
output/processos/1552190:0.038276s
output/processos/1552191:0.038456s
