output/processos/1552053:0.040976s
output/processos/1552054:0.038947s
output/processos/1552055:0.039393s
output/processos/1552056:0.038096s
output/processos/1552057:0.038792s
output/processos/1552058:0.039546s
output/processos/1552059:0.038637s
output/processos/1552060:0.038855s
