output/processos/1552356:0.036364s
output/processos/1552357:0.036700s
output/processos/1552358:0.036234s
output/processos/1552359:0.036749s
output/processos/1552360:0.038193s
output/processos/1552361:0.037751s
output/processos/1552362:0.038738s
output/processos/1552363:0.036586s
output/processos/1552364:0.037271s
output/processos/1552365:0.036265s
output/processos/1552366:0.037370s
output/processos/1552367:0.037077s
output/processos/1552368:0.036676s
output/processos/1552369:0.036476s
output/processos/1552370:0.037707s
output/processos/1552371:0.037026s
