output/processos/1552891:0.036459s
output/processos/1552892:0.035915s
output/processos/1552893:0.036386s
