output/processos/1552945:0.036486s
output/processos/1552946:0.038515s
