output/processos/1552644:0.036920s
output/processos/1552645:0.036121s
output/processos/1552646:0.038263s
output/processos/1552647:0.035849s
output/processos/1552648:0.037022s
output/processos/1552649:0.036266s
output/processos/1552650:0.037052s
output/processos/1552651:0.037115s
output/processos/1552652:0.036783s
output/processos/1552653:0.036143s
output/processos/1552654:0.037853s
output/processos/1552655:0.038366s
output/processos/1552656:0.038843s
output/processos/1552657:0.036850s
output/processos/1552658:0.037375s
output/processos/1552659:0.036700s
output/processos/1552660:0.036758s
output/processos/1552661:0.037646s
output/processos/1552662:0.036379s
output/processos/1552663:0.035782s
output/processos/1552664:0.036116s
output/processos/1552665:0.037119s
output/processos/1552666:0.036440s
output/processos/1552667:0.035486s
output/processos/1552668:0.037085s
output/processos/1552669:0.036678s
output/processos/1552670:0.036531s
output/processos/1552671:0.037247s
output/processos/1552672:0.036619s
output/processos/1552673:0.035691s
output/processos/1552674:0.037110s
output/processos/1552675:0.037598s
