output/processos/1552827:0.038364s
output/processos/1552828:0.037135s
output/processos/1552829:0.038761s
output/processos/1552830:0.039154s
