output/processos/1552950:0.036608s
output/processos/1552951:0.036870s
