output/processos/1552376:0.036508s
output/processos/1552377:0.036676s
output/processos/1552378:0.035017s
output/processos/1552379:0.035480s
output/processos/1552380:0.036948s
output/processos/1552381:0.036290s
output/processos/1552382:0.035760s
output/processos/1552383:0.035993s
output/processos/1552384:0.035587s
output/processos/1552385:0.035749s
output/processos/1552386:0.036198s
output/processos/1552387:0.036972s
output/processos/1552388:0.036233s
output/processos/1552389:0.035855s
output/processos/1552390:0.036910s
output/processos/1552391:0.035622s
