output/processos/1552064:0.037085s
output/processos/1552065:0.036614s
output/processos/1552066:0.035721s
output/processos/1552067:0.038115s
output/processos/1552068:0.039034s
output/processos/1552069:0.036216s
output/processos/1552070:0.037458s
output/processos/1552071:0.036938s
