output/processos/1552834:0.038739s
output/processos/1552835:0.038944s
output/processos/1552836:0.040454s
output/processos/1552837:0.040344s
