output/processos/1552195:0.038155s
output/processos/1552196:0.035977s
output/processos/1552197:0.039105s
output/processos/1552198:0.035214s
output/processos/1552199:0.036398s
output/processos/1552204:0.035902s
output/processos/1552205:0.035950s
output/processos/1552206:0.036053s
output/processos/1552207:0.037286s
output/processos/1552208:0.035583s
output/processos/1552209:0.035806s
