output/processos/1552897:0.036356s
output/processos/1552898:0.038834s
output/processos/1552899:0.037723s
