output/processos/1552679:0.039650s
output/processos/1552680:0.039466s
output/processos/1552681:0.037981s
output/processos/1552682:0.039912s
output/processos/1552683:0.039437s
output/processos/1552684:0.039451s
output/processos/1552685:0.040737s
output/processos/1552686:0.038534s
output/processos/1552687:0.038625s
output/processos/1552688:0.040972s
output/processos/1552689:0.038419s
output/processos/1552690:0.039150s
output/processos/1552691:0.039079s
output/processos/1552692:0.040070s
output/processos/1552693:0.039233s
output/processos/1552694:0.038776s
output/processos/1552695:0.038526s
output/processos/1552696:0.038290s
output/processos/1552697:0.040464s
output/processos/1552698:0.038747s
output/processos/1552699:0.039858s
output/processos/1552700:0.038735s
output/processos/1552701:0.039131s
output/processos/1552702:0.041073s
output/processos/1552703:0.038958s
output/processos/1552704:0.039224s
output/processos/1552705:0.039008s
output/processos/1552706:0.040237s
output/processos/1552707:0.038239s
output/processos/1552708:0.038646s
output/processos/1552709:0.038338s
output/processos/1552710:0.038837s
