output/processos/1552214:0.038755s
output/processos/1552215:0.039249s
output/processos/1552216:0.037186s
output/processos/1552217:0.039413s
output/processos/1552218:0.036128s
output/processos/1552219:0.038496s
output/processos/1552220:0.037308s
output/processos/1552221:0.038650s
output/processos/1552222:0.036459s
output/processos/1552223:0.036157s
output/processos/1552224:0.037016s
