output/processos/1552714:0.040337s
output/processos/1552715:0.038849s
output/processos/1552716:0.039345s
output/processos/1552717:0.038482s
output/processos/1552718:0.038912s
output/processos/1552719:0.037963s
output/processos/1552720:0.039111s
output/processos/1552721:0.039198s
output/processos/1552722:0.038231s
output/processos/1552723:0.038301s
output/processos/1552724:0.038439s
output/processos/1552725:0.039564s
output/processos/1552726:0.038321s
output/processos/1552727:0.038363s
output/processos/1552728:0.038734s
output/processos/1552729:0.039319s
output/processos/1552730:0.039634s
output/processos/1552731:0.038918s
output/processos/1552732:0.039179s
output/processos/1552733:0.038409s
output/processos/1552734:0.038195s
output/processos/1552735:0.038410s
output/processos/1552736:0.038552s
output/processos/1552737:0.038942s
output/processos/1552738:0.038807s
output/processos/1552739:0.038764s
output/processos/1552740:0.038683s
output/processos/1552741:0.039066s
output/processos/1552742:0.039442s
output/processos/1552743:0.039311s
output/processos/1552744:0.038503s
output/processos/1552745:0.038800s
