output/processos/1552075:0.038390s
output/processos/1552076:0.037850s
output/processos/1552077:0.038441s
output/processos/1552078:0.038143s
output/processos/1552079:0.035392s
output/processos/1552080:0.035854s
output/processos/1552081:0.038138s
output/processos/1552082:0.036295s
