output/processos/1552903:0.038904s
output/processos/1552904:0.035562s
output/processos/1552905:0.038439s
