output/processos/1552955:0.037874s
output/processos/1552956:0.037970s
