output/processos/1552395:0.036926s
output/processos/1552396:0.035937s
output/processos/1552397:0.036242s
output/processos/1552398:0.036238s
output/processos/1552399:0.038192s
output/processos/1552400:0.036289s
output/processos/1552401:0.036889s
output/processos/1552402:0.035049s
output/processos/1552403:0.036981s
output/processos/1552404:0.035800s
output/processos/1552405:0.036645s
output/processos/1552406:0.036084s
output/processos/1552407:0.034842s
output/processos/1552408:0.035816s
output/processos/1552409:0.036004s
output/processos/1552410:0.035591s
