output/processos/1552841:0.038942s
output/processos/1552842:0.038210s
output/processos/1552843:0.038329s
output/processos/1552844:0.038197s
