output/processos/1552848:0.036359s
output/processos/1552849:0.035815s
output/processos/1552850:0.036291s
output/processos/1552851:0.037108s
