output/processos/1552909:0.036394s
output/processos/1552910:0.035298s
output/processos/1552911:0.036858s
