output/processos/1552086:0.039275s
output/processos/1552087:0.038251s
output/processos/1552088:0.039383s
output/processos/1552089:0.038663s
output/processos/1552090:0.038927s
output/processos/1552091:0.038401s
output/processos/1552092:0.038218s
output/processos/1552093:0.038082s
