output/processos/1552960:0.038740s
output/processos/1552961:0.038777s
