output/processos/1552414:0.036720s
output/processos/1552415:0.035583s
output/processos/1552416:0.035584s
output/processos/1552417:0.036003s
output/processos/1552418:0.035386s
output/processos/1552419:0.035260s
output/processos/1552420:0.035173s
output/processos/1552421:0.035708s
output/processos/1552422:0.035523s
output/processos/1552423:0.036225s
output/processos/1552424:0.036670s
output/processos/1552425:0.038149s
output/processos/1552426:0.038904s
output/processos/1552427:0.035710s
output/processos/1552428:0.037141s
output/processos/1552429:0.036476s
