output/processos/1552749:0.037344s
output/processos/1552750:0.036912s
output/processos/1552751:0.037067s
output/processos/1552752:0.036963s
output/processos/1552753:0.036280s
output/processos/1552754:0.036545s
output/processos/1552755:0.037627s
output/processos/1552756:0.036661s
output/processos/1552757:0.037291s
output/processos/1552758:0.037080s
output/processos/1552759:0.037200s
output/processos/1552760:0.037518s
output/processos/1552761:0.036784s
output/processos/1552762:0.037401s
output/processos/1552763:0.037661s
output/processos/1552764:0.036572s
output/processos/1552765:0.037128s
output/processos/1552766:0.036551s
output/processos/1552767:0.036003s
output/processos/1552768:0.036785s
output/processos/1552769:0.035935s
output/processos/1552770:0.037647s
output/processos/1552771:0.037105s
output/processos/1552772:0.037523s
output/processos/1552773:0.037779s
output/processos/1552774:0.036017s
output/processos/1552775:0.037822s
output/processos/1552776:0.037217s
output/processos/1552777:0.036591s
output/processos/1552778:0.036923s
output/processos/1552779:0.038693s
output/processos/1552780:0.036842s
