output/processos/1552228:0.036710s
output/processos/1552229:0.039375s
output/processos/1552230:0.036761s
output/processos/1552231:0.037483s
output/processos/1552232:0.039696s
output/processos/1552233:0.038944s
output/processos/1552234:0.036820s
output/processos/1552235:0.039791s
output/processos/1552236:0.037171s
output/processos/1552237:0.037219s
output/processos/1552238:0.036707s
